-1 -1 -1 -1 -1 -1 -1 -1 -1 -1 -1 -1 -1 -1 -1 -1 -1 -1 -1 -1 -1 -1 -1 -1 -1 -1 -1 -1 -1 -1 -1 -1 -1 -1 -1 -1
-1 -1 -1 -1 -1 -1 -1 -1 -1 -1 -1 -1 -1 -1 -1 -1 -1 -1 -1 -1 -1 -1 -1 -1 -1 -1 -1 -1 -1 -1 -1 -1 -1 -1 -1 -1
-1 -1 -1 -1 -1 -1 -1 -1 -1 -1 -1 -1 -1 -1 -1 -1 -1 -1 -1 -1 -1 -1 -1 -1 -1 -1 -1 -1 -1 -1 -1 -1 -1 -1 -1 -1
-1 -1 -1 -1 -1 -1 -1 -1 -1 -1 -1 -1 -1 -1 -1 -1 -1 -1 -1 -1 -1 -1 -1 -1 -1 -1 -1 -1 -1 -1 -1 -1 -1 -1 -1 -1
-1 -1 -1 -1 -1 -1 -1 -1 -1 -1 -1 -1 -1 -1 -1 -1 -1 -1 -1 -1 -1 -1 -1 -1 -1 -1 -1 -1 -1 -1 -1 -1 -1 -1 -1 -1
-1 -1 -1 -1 -1 -1 -1 -1 -1 -1 -1 -1 -1 -1 -1 -1 -1 -1 -1 -1 -1 -1 -1 -1 -1 -1 -1 -1 -1 -1 -1 -1 -1 -1 -1 -1
300 337 319 371 293 375 -1 -1 -1 -1 351 370 387 420 -1 -1 297 500 287 600 -1 -1 341 509 328 604 317 687 294 331 307 328 -1 -1 328 329
-1 -1 -1 -1 -1 -1 -1 -1 -1 -1 -1 -1 -1 -1 -1 -1 -1 -1 -1 -1 -1 -1 -1 -1 -1 -1 -1 -1 -1 -1 -1 -1 -1 -1 -1 -1
-1 -1 -1 -1 -1 -1 -1 -1 -1 -1 -1 -1 -1 -1 -1 -1 -1 -1 -1 -1 -1 -1 -1 -1 -1 -1 -1 -1 -1 -1 -1 -1 -1 -1 -1 -1
-1 -1 -1 -1 -1 -1 -1 -1 -1 -1 -1 -1 -1 -1 -1 -1 -1 -1 -1 -1 -1 -1 -1 -1 -1 -1 -1 -1 -1 -1 -1 -1 -1 -1 -1 -1
-1 -1 -1 -1 -1 -1 -1 -1 -1 -1 -1 -1 -1 -1 -1 -1 -1 -1 -1 -1 -1 -1 -1 -1 -1 -1 -1 -1 -1 -1 -1 -1 -1 -1 -1 -1
-1 -1 -1 -1 -1 -1 -1 -1 -1 -1 -1 -1 -1 -1 -1 -1 -1 -1 -1 -1 -1 -1 -1 -1 -1 -1 -1 -1 -1 -1 -1 -1 -1 -1 -1 -1
-1 -1 923 741 918 741 -1 -1 -1 -1 929 741 929 762 922 787 926 783 929 814 933 841 929 783 929 815 932 843 -1 -1 -1 -1 -1 -1 -1 -1
912 725 916 739 915 739 -1 -1 -1 -1 918 739 919 758 917 776 917 778 918 811 930 834 919 778 919 811 931 841 -1 -1 913 724 -1 -1 914 724
891 724 896 738 895 738 894 757 -1 -1 897 738 894 755 888 774 897 777 889 811 877 840 902 777 918 806 944 831 -1 -1 892 723 -1 -1 894 723
869 716 879 736 878 735 877 759 -1 -1 880 736 880 761 878 787 878 778 877 813 878 842 880 778 878 813 878 843 -1 -1 876 712 -1 -1 878 713
863 712 872 732 867 731 865 758 -1 -1 876 730 873 759 865 781 876 778 875 815 878 845 878 778 877 815 895 843 -1 -1 864 710 -1 -1 868 711
853 712 862 733 854 730 849 758 844 779 865 735 866 760 866 784 854 778 849 814 854 846 865 778 874 814 880 845 -1 -1 856 709 -1 -1 861 711
843 713 852 737 843 737 841 762 840 780 860 737 864 762 864 788 846 781 842 818 830 850 861 781 867 815 884 846 843 711 847 711 -1 -1 853 713
824 713 836 738 827 737 826 766 816 789 839 737 842 763 843 791 829 790 819 825 811 856 838 790 818 823 812 856 823 711 826 711 -1 -1 831 712
811 710 824 728 814 727 812 761 808 792 827 728 838 761 838 792 813 788 813 826 811 861 824 789 814 825 813 857 811 706 813 707 -1 -1 824 709
792 704 808 723 801 723 792 756 788 780 811 723 810 757 803 789 802 779 802 825 812 856 810 780 805 825 822 854 791 700 798 700 -1 -1 806 701
786 703 796 724 790 724 788 754 -1 -1 801 724 801 758 790 787 792 779 790 823 801 857 800 780 794 823 811 857 784 698 787 699 -1 -1 794 701
762 703 775 724 772 724 760 755 -1 -1 786 724 774 758 759 779 775 790 762 830 747 865 787 791 792 829 813 868 760 698 770 698 -1 -1 775 699
751 702 763 724 760 723 754 752 722 759 771 724 761 760 750 789 771 789 788 830 812 869 764 791 752 829 736 870 748 697 756 698 -1 -1 762 699
721 703 737 723 736 722 729 758 -1 -1 738 723 737 762 728 797 735 793 738 842 788 868 736 794 723 838 722 879 -1 -1 722 699 -1 -1 734 699
707 700 722 724 719 724 709 761 700 777 733 724 726 762 710 793 720 793 711 843 721 883 728 794 719 843 762 867 706 696 709 696 -1 -1 721 697
681 694 698 716 694 715 684 757 -1 -1 701 718 704 761 690 799 697 793 700 843 708 883 694 793 682 843 705 883 681 688 682 689 -1 -1 692 689
663 694 683 720 680 719 666 761 -1 -1 685 720 692 760 683 796 679 795 659 846 662 897 683 796 672 847 669 897 659 689 667 689 -1 -1 679 690
603 697 629 724 618 724 608 772 -1 -1 630 724 643 774 647 812 630 806 654 858 689 904 629 808 605 862 594 915 603 691 606 691 -1 -1 618 694
562 698 582 722 579 722 575 771 -1 -1 587 723 594 774 583 813 577 810 590 868 644 901 578 812 566 870 577 925 -1 -1 563 692 -1 -1 576 692
517 693 546 720 546 718 -1 -1 -1 -1 545 722 538 775 526 822 546 811 537 872 561 923 547 814 539 875 562 930 -1 -1 523 688 -1 -1 528 687
496 689 525 719 531 715 -1 -1 -1 -1 520 722 509 774 495 813 535 811 526 878 547 935 524 814 508 879 526 936 -1 -1 497 686 -1 -1 510 686
442 692 473 721 487 718 -1 -1 -1 -1 464 722 457 778 443 828 494 819 498 893 526 953 473 825 455 894 422 954 -1 -1 445 687 -1 -1 457 687
410 695 445 722 458 720 -1 -1 -1 -1 433 724 422 790 416 842 464 827 475 900 511 957 439 830 420 902 396 965 -1 -1 418 687 -1 -1 426 689
349 691 381 723 391 722 -1 -1 -1 -1 369 724 364 792 343 848 386 835 354 912 354 987 371 843 390 919 455 961 -1 -1 351 687 -1 -1 366 687
315 691 350 722 358 721 -1 -1 -1 -1 339 723 332 792 314 847 365 833 330 921 338 999 348 843 332 921 405 963 -1 -1 316 686 -1 -1 333 686
242 689 281 713 301 713 -1 -1 -1 -1 262 713 243 772 233 824 300 829 289 919 302 997 264 829 242 918 261 1002 -1 -1 246 685 -1 -1 262 685
196 688 240 720 264 718 -1 -1 -1 -1 220 721 207 788 193 844 262 845 261 937 273 1026 223 845 194 931 186 1013 -1 -1 204 684 -1 -1 222 684
100 696 142 727 158 726 -1 -1 -1 -1 126 736 120 817 90 883 167 882 183 975 209 1065 129 883 122 987 -1 -1 -1 -1 105 686 -1 -1 122 688
894 723 904 737 -1 -1 -1 -1 -1 -1 905 737 904 754 894 771 911 776 925 806 -1 -1 909 776 897 808 882 834 -1 -1 895 722 -1 -1 898 722
629 699 647 723 635 722 630 763 -1 -1 654 722 667 759 670 792 642 799 629 854 604 906 654 800 668 853 696 901 628 694 630 694 -1 -1 641 695
-1 -1 -1 -1 -1 -1 -1 -1 -1 -1 -1 -1 -1 -1 -1 -1 -1 -1 -1 -1 -1 -1 -1 -1 -1 -1 -1 -1 -1 -1 -1 -1 -1 -1 -1 -1
