UNKNOWN
UNKNOWN
UNKNOWN
UNKNOWN
UNKNOWN
UNKNOWN
206.32055071
UNKNOWN
UNKNOWN
UNKNOWN
UNKNOWN
UNKNOWN
138.711486542
178.338955906
178.357443553
177.905173158
178.167011328
178.682759123
206.944246397
203.945001672
224.898369212
189.956437139
188.074579285
201.184738892
205.550122907
178.234397533
188.992391191
189.597923533
189.807981713
205.343234873
179.489711011
179.155647226
179.431787251
177.764713774
179.039897077
179.122723419
178.943138115
178.291876853
143.80639048
176.969066584
178.518606942
201.718552026
UNKNOWN
