-1 -1 -1 -1 -1 -1 -1 -1 -1 -1 -1 -1 -1 -1 -1 -1 -1 -1 -1 -1 -1 -1 -1 -1 -1 -1 -1 -1 -1 -1 -1 -1 -1 -1 -1 -1
-1 -1 -1 -1 -1 -1 -1 -1 -1 -1 -1 -1 -1 -1 -1 -1 -1 -1 -1 -1 -1 -1 -1 -1 -1 -1 -1 -1 -1 -1 -1 -1 -1 -1 -1 -1
-1 -1 -1 -1 -1 -1 -1 -1 -1 -1 -1 -1 -1 -1 -1 -1 -1 -1 -1 -1 -1 -1 -1 -1 -1 -1 -1 -1 -1 -1 -1 -1 -1 -1 -1 -1
-1 -1 -1 -1 -1 -1 -1 -1 -1 -1 -1 -1 -1 -1 -1 -1 -1 -1 -1 -1 -1 -1 -1 -1 -1 -1 -1 -1 -1 -1 -1 -1 -1 -1 -1 -1
1167 710 1176 723 1175 723 -1 -1 -1 -1 1178 723 1178 738 1178 755 1175 755 1170 778 1169 801 1178 755 1178 778 1180 800 -1 -1 1168 708 -1 -1 1172 710
1170 711 1178 723 1176 723 1174 739 -1 -1 1179 723 1180 738 1179 753 1177 754 1175 778 1170 803 1180 755 1180 778 1191 801 -1 -1 1173 709 -1 -1 1177 710
1178 712 1181 724 1180 724 1179 742 -1 -1 1189 724 1192 740 1191 759 1181 759 1182 782 1183 805 1191 759 1192 780 1196 804 -1 -1 1179 710 -1 -1 1180 711
1179 709 1189 723 1182 723 1180 741 -1 -1 1192 723 1193 740 1191 759 1182 759 1187 788 1191 807 1192 759 1192 782 1199 806 -1 -1 1180 707 -1 -1 1183 708
1190 708 1194 722 1192 722 1191 740 -1 -1 1195 722 1196 737 1196 757 1194 757 1195 786 1197 807 1197 757 1204 780 1209 806 -1 -1 1192 706 -1 -1 1193 707
1192 703 1194 713 1193 713 -1 -1 -1 -1 1197 714 1198 736 1195 750 1195 752 1200 778 1208 803 1202 752 1206 777 1211 803 -1 -1 1193 700 -1 -1 1194 701
1194 700 1206 712 1197 712 1195 735 -1 -1 1208 711 1210 731 1207 752 1205 751 1208 777 1209 804 1210 751 1218 776 1232 803 -1 -1 1195 699 -1 -1 1202 699
1197 702 1207 712 1204 712 -1 -1 -1 -1 1210 711 1212 727 1209 749 1208 752 1212 779 1219 810 1214 751 1227 778 1244 806 -1 -1 1201 700 -1 -1 1206 700
1205 701 1210 715 -1 -1 -1 -1 -1 -1 1211 715 1211 739 1207 760 1217 758 1228 788 1245 811 1216 759 1224 790 1233 815 -1 -1 1206 699 -1 -1 1207 699
1207 701 1218 719 1217 719 -1 -1 -1 -1 1218 719 1219 742 1210 764 1229 765 1220 796 1210 829 1228 765 1232 794 1250 826 -1 -1 1208 698 -1 -1 1212 699
1210 700 1221 720 1220 719 -1 -1 -1 -1 1225 720 1222 742 1216 766 1226 765 1224 800 1222 829 1228 765 1228 797 1223 829 -1 -1 1212 698 -1 -1 1217 699
1219 696 1231 714 1229 714 1223 741 -1 -1 1232 713 1233 741 1232 768 1231 764 1231 800 1244 829 1233 764 1232 797 1245 828 1219 690 1222 690 -1 -1 1230 692
1230 691 1234 710 1231 711 1231 740 1229 759 1245 709 1248 738 1248 762 1233 760 1234 795 1245 829 1245 760 1244 795 1247 830 1228 688 1231 688 -1 -1 1233 688
1231 688 1242 706 1233 707 1232 739 -1 -1 1246 706 1256 735 1259 759 1242 758 1246 795 1259 829 1248 758 1249 796 1260 829 1230 686 1232 687 -1 -1 1236 687
1235 687 1249 707 1245 707 1245 742 -1 -1 1259 707 1265 739 1262 767 1246 764 1241 802 1233 843 1258 764 1260 801 1277 831 1234 685 1243 685 -1 -1 1248 686
1244 686 1258 707 1247 707 1245 742 1244 771 1263 706 1271 740 1268 773 1247 765 1244 804 1241 844 1260 765 1263 802 1284 832 1242 684 1246 684 -1 -1 1257 685
1253 682 1263 700 1257 700 1255 739 1248 766 1272 699 1282 737 1281 766 1259 764 1259 805 1260 848 1271 764 1270 804 1298 841 1248 673 1257 673 -1 -1 1263 673
1259 683 1271 701 1261 701 1261 741 1258 772 1282 700 1284 739 1283 773 1264 766 1269 808 1282 847 1282 767 1276 808 1272 852 1258 673 1262 673 -1 -1 1271 674
1272 672 1283 698 1270 698 1264 741 -1 -1 1296 698 1299 739 1288 774 1274 766 1273 809 1286 849 1290 766 1286 809 1297 855 1270 670 1280 670 -1 -1 1285 670
1282 671 1287 696 1281 696 1281 740 -1 -1 1301 696 1308 738 1297 771 1284 765 1281 812 1286 856 1300 765 1301 813 1310 859 1280 669 1284 668 -1 -1 1295 669
1297 669 1310 694 1297 694 1294 741 1285 770 1320 695 1321 739 1310 775 1301 770 1299 821 1283 867 1316 772 1301 821 1283 868 1291 666 1299 664 -1 -1 1311 666
1300 660 1314 690 1302 689 1301 737 1293 767 1326 690 1333 737 1316 773 1311 770 1299 821 1285 869 1330 771 1336 823 1351 869 1298 655 1307 655 -1 -1 1316 658
1316 654 1332 684 1314 684 1312 734 1310 772 1339 684 1350 727 1336 773 1326 764 1357 818 1387 867 1337 766 1322 820 1313 875 1313 648 1321 648 1311 652 1335 649
1323 651 1337 679 1323 681 1328 724 1316 768 1351 680 1359 724 1345 770 1335 763 1357 820 1400 863 1348 764 1334 825 1327 880 1320 646 1331 645 -1 -1 1337 646
1356 640 1371 670 1351 670 1341 721 1337 770 1389 670 1397 724 1389 776 1359 765 1367 829 1382 895 1379 766 1373 830 1417 881 1352 635 1363 635 1352 637 1374 635
1386 635 1402 667 1382 667 1378 719 1364 766 1421 667 1430 723 1425 776 1388 771 1405 844 1426 912 1404 773 1389 843 1415 908 1379 631 1389 631 -1 -1 1404 631
1401 633 1420 666 1401 667 1389 721 1388 766 1441 664 1445 724 1442 778 1404 773 1430 847 1449 915 1419 774 1404 847 1407 919 1391 621 1405 620 -1 -1 1422 620
1438 620 1458 658 1441 659 1438 722 1423 776 1478 657 1493 724 1491 790 1442 776 1474 857 1508 933 1459 776 1441 860 1422 935 1429 617 1441 616 -1 -1 1456 615
1455 618 1481 659 1459 662 1447 738 1443 793 1499 658 1513 726 1510 796 1468 789 1496 866 1544 941 1488 787 1463 869 1443 952 1446 613 1460 611 -1 -1 1479 612
1205 701 1212 719 1210 718 -1 -1 -1 -1 1215 718 1217 741 1214 765 1215 763 1208 792 1205 819 1219 763 1228 791 1244 816 -1 -1 1207 699 -1 -1 1208 699
1347 642 1362 670 1340 670 1338 722 -1 -1 1376 670 1386 724 1375 776 1349 764 1352 828 1362 885 1367 766 1363 828 1411 863 1339 637 1351 635 1336 637 1363 636
-1 -1 -1 -1 -1 -1 -1 -1 -1 -1 -1 -1 -1 -1 -1 -1 -1 -1 -1 -1 -1 -1 -1 -1 -1 -1 -1 -1 -1 -1 -1 -1 -1 -1 -1 -1
