UNKNOWN
UNKNOWN
UNKNOWN
UNKNOWN
178.564208923
179.720818875
179.167644609
178.722616879
177.658192461
179.142747793
179.372919434
179.686747147
179.370696551
179.564926119
178.532447856
188.60329782
206.863383185
203.577136811
200.584613982
201.43664057
201.087454825
223.959540536
206.00964412
224.595794194
243.849378008
225.440893552
211.500550856
202.83536641
207.924453941
201.937263309
207.357246426
206.681312227
207.554230176
179.661944986
201.759742843
UNKNOWN
