-1 -1 -1 -1 -1 -1 -1 -1 -1 -1 -1 -1 -1 -1 -1 -1 -1 -1 -1 -1 -1 -1 -1 -1 -1 -1 -1 -1 -1 -1 -1 -1 -1 -1 -1 -1
-1 -1 -1 -1 -1 -1 -1 -1 -1 -1 -1 -1 -1 -1 -1 -1 -1 -1 -1 -1 -1 -1 -1 -1 -1 -1 -1 -1 -1 -1 -1 -1 -1 -1 -1 -1
-1 -1 -1 -1 -1 -1 -1 -1 -1 -1 -1 -1 -1 -1 -1 -1 -1 -1 -1 -1 -1 -1 -1 -1 -1 -1 -1 -1 -1 -1 -1 -1 -1 -1 -1 -1
-1 -1 -1 -1 -1 -1 -1 -1 -1 -1 -1 -1 -1 -1 -1 -1 -1 -1 -1 -1 -1 -1 -1 -1 -1 -1 -1 -1 -1 -1 -1 -1 -1 -1 -1 -1
-1 -1 -1 -1 -1 -1 -1 -1 -1 -1 -1 -1 -1 -1 -1 -1 -1 -1 -1 -1 -1 -1 -1 -1 -1 -1 -1 -1 -1 -1 -1 -1 -1 -1 -1 -1
-1 -1 -1 -1 -1 -1 -1 -1 -1 -1 -1 -1 -1 -1 -1 -1 -1 -1 -1 -1 -1 -1 -1 -1 -1 -1 -1 -1 -1 -1 -1 -1 -1 -1 -1 -1
-1 -1 -1 -1 -1 -1 -1 -1 -1 -1 -1 -1 -1 -1 -1 -1 -1 -1 -1 -1 -1 -1 -1 -1 -1 -1 -1 -1 -1 -1 -1 -1 -1 -1 -1 -1
-1 -1 -1 -1 -1 -1 -1 -1 -1 -1 -1 -1 -1 -1 -1 -1 -1 -1 -1 -1 -1 -1 -1 -1 -1 -1 -1 -1 -1 -1 -1 -1 -1 -1 -1 -1
945 734 950 743 947 743 945 764 -1 -1 954 742 956 763 949 779 948 780 947 812 946 834 955 780 956 810 950 830 -1 -1 945 728 -1 -1 947 729
932 724 945 740 944 740 944 762 -1 -1 946 739 946 761 942 781 945 779 947 811 954 832 946 779 946 811 954 835 -1 -1 934 723 -1 -1 943 724
-1 -1 937 740 934 740 -1 -1 -1 -1 942 740 942 759 938 777 941 777 943 810 945 832 943 777 944 809 946 833 -1 -1 -1 -1 -1 -1 932 724
918 721 930 736 928 735 928 755 917 775 931 734 932 752 933 777 929 775 919 806 911 831 933 775 944 805 959 831 -1 -1 920 719 -1 -1 928 721
914 720 920 736 917 736 916 757 906 774 929 735 927 756 926 776 918 777 914 810 904 840 930 777 941 807 959 831 914 714 916 715 -1 -1 919 715
897 718 910 737 905 737 901 762 894 778 914 737 916 759 915 781 904 778 902 813 901 843 912 778 903 813 899 844 -1 -1 900 714 -1 -1 905 715
877 708 891 725 885 725 880 754 -1 -1 893 725 893 759 887 780 890 778 882 815 894 845 894 778 895 814 904 847 -1 -1 878 704 -1 -1 881 706
864 710 879 727 879 726 -1 -1 -1 -1 882 728 880 763 877 791 882 779 877 817 867 848 890 780 892 817 906 850 -1 -1 866 706 -1 -1 876 706
850 710 864 726 863 726 859 757 -1 -1 865 727 864 761 858 790 873 780 889 819 910 850 866 784 854 824 841 856 -1 -1 852 706 -1 -1 859 708
838 712 853 730 848 728 841 763 -1 -1 854 733 853 765 843 792 862 789 877 826 907 856 860 790 842 827 837 862 -1 -1 840 708 -1 -1 843 710
812 709 829 727 827 726 824 765 -1 -1 836 728 829 769 823 800 831 793 827 832 831 870 838 794 834 831 878 856 -1 -1 814 703 -1 -1 825 704
806 704 824 724 815 723 812 759 801 789 827 724 826 762 813 795 824 790 821 831 828 874 827 791 824 831 854 864 -1 -1 809 700 -1 -1 813 700
786 702 803 723 795 724 788 761 783 779 808 723 809 760 793 792 807 792 813 837 827 881 808 793 789 833 799 882 786 698 787 697 -1 -1 793 698
773 702 789 724 785 725 775 765 772 793 797 724 797 763 788 793 788 797 773 844 761 885 801 797 812 845 827 883 773 698 774 698 -1 -1 787 698
738 699 760 725 754 725 746 768 685 770 769 725 772 775 759 810 762 804 789 848 825 893 763 805 743 853 731 899 737 693 744 694 -1 -1 758 696
722 699 740 725 734 724 731 767 706 772 754 725 758 775 752 813 735 804 721 855 721 905 752 806 762 856 810 891 720 693 728 694 -1 -1 736 695
683 688 706 716 698 716 688 755 666 753 717 716 720 764 710 805 702 802 706 858 751 895 708 803 701 862 709 915 683 686 685 686 -1 -1 702 685
666 685 687 706 684 705 681 755 -1 -1 694 707 697 757 687 804 683 796 682 857 707 908 688 797 687 858 707 913 -1 -1 668 673 -1 -1 682 673
628 680 652 709 656 707 643 760 -1 -1 650 712 642 765 629 808 664 804 671 872 694 933 649 807 631 869 616 932 -1 -1 629 671 -1 -1 639 672
598 681 629 709 629 707 605 763 -1 -1 628 711 617 770 604 815 640 811 655 880 684 935 629 814 604 880 579 937 597 671 602 671 -1 -1 616 672
547 673 576 713 565 711 548 772 -1 -1 577 718 563 777 545 828 571 824 581 898 643 938 565 827 544 895 547 963 546 669 550 669 -1 -1 568 671
459 663 493 699 497 696 458 767 -1 -1 488 703 474 775 447 827 491 825 484 904 499 984 473 827 454 904 497 982 459 657 470 656 -1 -1 484 658
424 659 459 693 471 691 422 769 -1 -1 456 696 446 774 419 828 460 825 466 916 483 1002 445 827 420 913 433 1001 423 652 432 652 -1 -1 451 654
344 662 386 703 405 699 -1 -1 -1 -1 368 707 340 781 326 844 403 843 417 939 445 1038 368 845 338 939 296 1039 341 653 353 654 -1 -1 373 655
297 662 340 706 364 703 -1 -1 -1 -1 318 712 287 795 268 865 356 850 369 951 420 1040 320 853 289 950 264 1054 293 652 303 652 -1 -1 329 653
181 647 230 697 251 691 -1 -1 -1 -1 210 705 210 804 -1 -1 237 866 220 978 -1 -1 210 872 189 985 179 1090 178 636 192 636 -1 -1 221 637
119 636 173 685 198 684 -1 -1 -1 -1 151 686 108 778 86 878 181 861 146 985 210 1050 142 866 128 986 134 1092 115 630 129 622 -1 -1 158 626
891 715 902 735 896 735 893 762 891 780 906 734 912 760 907 785 899 780 900 816 904 845 907 781 902 816 902 846 891 713 893 712 -1 -1 896 712
521 671 547 711 539 709 524 773 499 815 551 715 539 776 512 826 526 825 525 899 527 973 537 827 526 900 529 974 513 668 525 666 -1 -1 545 669
-1 -1 -1 -1 -1 -1 -1 -1 -1 -1 -1 -1 -1 -1 -1 -1 -1 -1 -1 -1 -1 -1 -1 -1 -1 -1 -1 -1 -1 -1 -1 -1 -1 -1 -1 -1
