UNKNOWN
UNKNOWN
UNKNOWN
UNKNOWN
UNKNOWN
UNKNOWN
UNKNOWN
UNKNOWN
94.2393007038
178.515574072
139.738517057
179.603639067
202.010845273
178.661853277
178.354550067
178.936808068
178.241098794
178.378684233
177.946844531
178.912102355
190.528569091
206.068100293
203.856117123
202.072667364
188.842816724
178.845133032
141.144506182
200.713572234
189.17574608
201.638196893
201.121946859
205.929542201
202.357511355
205.130311304
200.19499366
225.496072011
225.05308783
UNKNOWN
